
input_coils = coil_cfqs.txt

num_of_scan = 1

resolution = 9

tension = 0.5

init_point[0] = 0.6479
init_point[1] = 1.570796326794897
init_point[2] = 0.1543

num_of_tracing = 200000

step = 0.01

num_of_section = 3
zeta_of_poincare[0] = 0.0
zeta_of_poincare[1] = 0.785398163397448
zeta_of_poincare[2] = 1.570796326794897

order_of_fitting = 20

axis_guess_R = 0.835
axis_guess_zeta = 1.570796326794897
axis_guess_Z = 0.00
